640427123	177327	99.9
651053029	341294	99.5
649633017	137481	100.0
640069335	844094	99.2
640753033	471462	100.0
651053068	138516	100.0
648231709	516346	99.9
639279304	128613	100.0
646311968	587623	99.9
638154505	142640	100.0
637000154	142297	100.0
643348532	366440	100.0
651053051	1074226	100.0
649633022	819789	100.0
637000284	138215	100.0
644736410	396136	100.0
643692051	521020	100.0
649633107	146926	99.9
644736387	387762	100.0
637000250	130935	99.5
637000088	203565	100.0
650377942	677921	100.0
646311942	523847	100.0
638269501
649633011	637078	99.9
649633041	817409	100.0
650716077	218631	99.9
640069311	253023	100.0
637000014	541278	100.0
649633047	104735	100.0
639633047	188195	100.0
644736411	562756	99.7
649633108	809513	99.8
642555147	108986	98.4
649633002	979990	100.0
644736379	376720	100.0
637000316	164898	100.0
641228493	235957	100.0
651053052	931109	100.0
643348569	307867	100.0
643692028	177327	100.0
643348560	339584	100.0
637000323	108835	100.0
642487181	249102	100.0
650377926
637000236	390291	100.0
644736322	532348	100.0
651053066	243095	100.0
643692029	528798	100.0
649633057	90541	100.0
651053039
650716106	1054472	100.0
640427111	219448	100.0
640069307	208217	100.0
637000269	285076	100.0
650377937	765906	100.0
637000102	471486	100.0
637000227	157259	100.0
637000206	106041	100.0
644736374	616961	100.0
643348581	336962	100.0
642555132	311137	100.0
646564579	813161	98.9
644736367	765906	99.9
650716044	142220	99.0
648231718	243293	100.0
650716078	1110471	100.0
637000272	138217	100.0
650377952	1074161	99.7
643692044	428314	100.0
650716037	756549	98.3
639633027	187896	100.0
637000115	11598	99.9
648028056	235138	100.0
644736333	241442	99.9
644736343	745239	99.9
643348575	359940	100.0
640753004	245824	100.0
650377935	660880	100.0
643692018	221165	98.6
639633061	129117	100.0
650377975	747478	99.9
643348509	265507	99.8
642555140	197037	100.0
637000213	88136	100.0
642555109	349112	100.0
637000108	317681	100.0
650377902	857034	100.0
642555113	281437	100.0
637000120	108300	100.0
640753020	254075	100.0
637000210	141567	100.0
643348542	303702	100.0
646311931	658178	99.3
643348502	363772	100.0
640753048	239859	100.0
640069322	156664	100.0
643692007	794914	100.0
637000352	63172	100.0
637000131	10976	100.0
644736337	529455	100.0
650716005	1104809	100.0
646862318	129912	100.0
646564548	531983	100.0
644736402	44963	99.6
646311913	34643	99.8
640753053	248082	100.0
650377967	191360	100.0
646862311	133008	100.0
649633067	820848	100.0
640069320	204252	100.0
637000002	108697	100.0
650716062	810637	99.9
644736356	139778	98.6
643692011	471330	100.0
644736395	590023	100.0
650716053	218697	99.5
641522612	265574	100.0
651053020	138216	100.0
641522607	170432	100.0
649633035	714113	99.8
643348521	182084	100.0
644736396	270979	100.0
639633056	163757	100.0
651053008	469865	100.0
646564508	700233	100.0
637000329	137926	100.0
640753023	175189	100.0
643348570	695204	100.0
650377982	375302	100.0
650377963	269273	100.0
651053061	18313	99.0
639633022	165017	100.0
646311923	283722	100.0
637000300	47803	100.0
642555151	287330	100.0
651053043	177327	100.0
648028051	641524	100.0
637000187	140077	100.0
640753002	60608	95.5
643692049	378558	100.0
642555104	287313	100.0
637000350	159715	100.0
648028045	664223	100.0
641228488	157950	100.0
650716056	531983	93.9
644736344	138576	100.0
646564534	518252	100.0
640427118	851931	100.0
637000320	107856	100.0
646564573	847146	94.7
637000070	90574	99.9
637000295	47803	100.0
637000331	146972	100.0
650716072	129019	99.9
638154515	108031	100.0
638154503	128770	100.0
639633035	196030	100.0
649633040	847146	100.0
637000171	159811	100.0
646862312	133008	100.0
650716018	63951	99.9
646564526	151445	100.0
640427132	230304	100.0
644736380	109814	99.6
646564535	652171	100.0
646862335	270149	100.0
651053058	368907	100.0
637000342	527675	100.0
649633030	324675	100.0
643348510	523696	100.0
641228507	205502	100.0
637000051	141205	100.0
642555165	290202	100.0
640427139	161690	100.0
642555119	318733	100.0
637000096	143110	100.0
650716085	593461	98.6
637000118	128650	100.0
637000138	470524	100.0
637000167	133715	100.0
637000219	157943	100.0
643692042	517593	100.0
646564551	114612	97.8
639633033	176749	100.0
640753015	471421	100.0
648231716	138217	100.0
650377923
643348556	471411	100.0
644736404	704768	99.9
651053017	129259	100.0
641522602	340798	100.0
639633014	178989	100.0
640753018	248264	100.0
646311907	520511	100.0
651053004	773975	100.0
637000025	128771	100.0
637000016	347839	99.9
646564514	613278	100.0
641522610	259607	100.0
640427150	218733	100.0
648028006	800864	100.0
644736409	736500	100.0
642555164	266611	100.0
641522635	258495	100.0
640753038	237441	100.0
641228502	244416	100.0
637000028	105705	100.0
649633076	101619	100.0
641522609	259769	100.0
637000305	471301	100.0
637000137	153653	100.0
646862343	733658	100.0
648028034	4620	99.2
643692053	53406	100.0
649633007	834804	100.0
646564553	517559	100.0
637000038	137054	100.0
644736325	352119	99.6
637000356	128733	100.0
637000249	154853	100.0
651053071	829504	98.9
650716042	68656	99.7
650716091	804638	100.0
637000023	128897	100.0
637000231	129097	100.0
642555117	316247	100.0
640069333	158517	100.0
650716016	63935	99.9
637000185	200524	100.0
649633092	320266	99.9
639633028	185912	100.0
649633050	839325	100.0
639633040	177327	100.0
637000011	145357	100.0
637000178	138236	100.0
642555107	137483	100.0
643692022	471440	100.0
637000242	5950	99.9
648028028	781807	100.0
637000313	152905	100.0
651053010	257697	100.0
650716030	605028	99.6
638154510	145369	100.0
637000162	139851	100.0
637000043	47707	100.0
642555115	555056	99.9
637000169	177327	100.0
641228482	243403	100.0
650716025	1111481	100.0
640427121	227785	100.0
651053054	850579	100.0
637000090	168310	100.0
651053027	815561	100.0
638208607
642555153	547170	100.0
639633049	197804	100.0
651053022	369794	100.0
640069318	168273	100.0
637000333	128656	100.0
646311945	568996	100.0
637000297	47803	100.0
646311940	128817	100.0
650377948	241863	99.2
646311915	269830	100.0
641228486	160964	100.0
649633009	242698	99.5
650716098	872	98.6
643348577	44359	100.0
646862334	540483	100.0
650377928	645610	100.0
646564558	138678	99.7
650377904	772282	100.0
650377950	341546	99.9
646564583	649430	100.0
637000141	851600	100.0
650716013	1108544	100.0
650716103	807441	99.1
642555145	299949	100.0
640427103	234465	100.0
650716007	5410	99.9
637000294	47803	100.0
646311963	112062	99.2
637000274	138214	99.9
643692002	471219	100.0
644736369	226145	100.0
639279302	27184	100.0
639279301	341710	100.0
637000156	471414	100.0
637000309	161964	100.0
646564565	12361	100.0
650377977	146533	100.0
641522617	267355	100.0
637000337	128444	100.0
651053032	516346	99.9
649633072	831159	100.0
649633105	847295	100.0
648231702	605028	100.0
644736377	532152	100.0
649633052	824802	100.0
649633043	826736	100.0
649633099	833050	100.0
640069329	214756	100.0
637000238	156593	100.0
642555134	93435	100.0
637000343	133011	100.0
644736358	818217	99.8
637000153	128563	100.0
644736407	736500	100.0
644736393	788978	99.9
637000075	156583	100.0
651053015	1110673	100.0
646564524	337963	95.3
644736330	471185	99.9
643348564	525559	100.0
644736397	529068	100.0
639633016	576665	100.0
651053002	242697	99.7
640069305	213142	100.0
637000033	137497	100.0
648028042	242312	100.0
650716068	91326	99.9
650377918	47707	100.0
640427128	335682	100.0
637000004	244433	100.0
651053049	132799	100.0
646311934	744772	99.8
643692035	531999	100.0
646862303	58367	100.0
639633021	176913	100.0
641522653	261857	100.0
641522637	471394	100.0
646311970	308876	99.9
640427101	217335	100.0
648028053	825507	99.3
640069326	78804	100.0
637000160	129415	100.0
642555171	278378	100.0
640753013	242937	100.0
640753046	44963	99.7
650716039	104735	100.0
637000354	270257	100.0
639633020	187901	100.0
650377920	829873	100.0
651053045	846983	100.0
648028002	14308	99.9
641522656	813348	100.0
637000322	143018	100.0
646311947	523637	100.0
638154501
642555162	314859	100.0
641228475	242502	100.0
637000086	136661	100.0
639633003	163263	100.0
643348538	516804	100.0
637000053	156642	100.0
648028061	455048	94.4
646311909	726547	100.0
637000279	138212	100.0
651053062	350022	99.9
641522648	270483	100.0
646862345	46648	100.0
648028004	606104	99.9
646564507	670070	100.0
643348547	335907	100.0
643348543	322664	100.0
640427130	132861	100.0
640753006	243888	100.0
649633024	819789	98.3
643348554	163742	100.0
642555110	714621	100.0
648028019	605028	100.0
650716070	260186	99.9
646862321	9834	99.7
640753043	44963	98.3
648028010	732480	100.0
650377986	2256	99.2
646311918	569974	100.0
644736338	851823	97.4
641522630	166053	99.7
646564517	753709	100.0
644736346	774560	99.9
638154518	531271	99.9
643348524	363475	100.0
637000256	156985	100.0
639633017	150873	100.0
650377931	804804	100.0
646564585	657773	100.0
637000260	167713	100.0
646862328	137422	100.0
640753025	255727	100.0
646311966	520546	100.0
641522661	278378	100.0
637000031	469865	100.0
650377969	544986	99.6
637000193	138868	100.0
640069308	269830	100.0
650716058	232795	98.2
639633010	326975	100.0
637000063	129912	99.9
646311955	138219	100.0
641228504	252354	100.0
637000143	471308	100.0
646564537	11057	100.0
646311938	103043	100.0
637000335	128968	100.0
650377984	836698	100.0
648028023	71864	99.5
640427137	559108	99.6
642555105	815604	97.7
646564520	754004	100.0
646311951	851880	99.6
646564550	832331	99.8
651053078	1111677	100.0
640753036	204945	100.0
637000203	138361	100.0
646564529	609029	100.0
644736398	2481	100.0
637000347	128667	100.0
643348504	519935	100.0
650377970	715963	100.0
637000346	128667	100.0
642555144	471264	100.0
640427127	232609	100.0
640427144	230649	100.0
640753027	471195	100.0
637000064	129912	100.0
640427133	218631	100.0
638154508	129138	100.0
643348513	526218	100.0
644736327	529659	100.0
637000134	1074161	99.9
637000111	729486	100.0
637000244	137274	100.0
637000020	52107	99.9
637000258	141647	100.0
640427120	218130	100.0
648231719	214668	100.0
646862338	137270	99.9
642555168	111983	100.0
646564538	375671	100.0
649633059	813373	100.0
650716040	160306	99.3
650716093	1106229	100.0
644736389	821101	100.0
641522624	263846	100.0
650377901	205486	100.0
643348565	527956	100.0
646862309	471185	99.9
637000116	129863	100.0
644736382	567542	100.0
648028009
637000092	128604	100.0
646862305	58367	100.0
646564542	128701	100.0
638154522	68998	100.0
643348559	361918	100.0
650377929	851702	100.0
637000319	911719	100.0
642555127	278595	100.0
642555120	344813	100.0
637000216	160309	100.0
637000310	85276	100.0
648028018	646413	100.0
637000220	134312	100.0
644736351	521688	100.0
646564539	1111853	100.0
640753024	241154	100.0
641228479	208950	99.5
641228506	330637	100.0
644736339	128149	99.3
637000215	532519	100.0
641522644	264116	100.0
646564549	240377	100.0
650716022	1107485	100.0
644736392	15872	100.0
637000081	134170	100.0
641228498	238397	100.0
643348520	47707	100.0
643348549	317681	100.0
637000330	80600	100.0
650716020	235998	99.0
639633042	159811	100.0
637000128	8810	99.7
639633007	585317	99.5
640753032	355057	99.9
640427116	104951	99.9
637000146	104565	100.0
651053077	657773	100.0
641522641	181123	99.9
650716031	173461	100.0
637000149	108713	100.0
648028033	558326	99.8
640069330	243095	100.0
640069314	186470	100.0
637000196	137518	100.0
637000018	129284	100.0
644736391	698478	100.0
650377981	375302	100.0
646862326	663603	100.0
642555122	134559	100.0
637000278	138212	100.0
646564570	758665	100.0
650377979	765949	99.7
650377908	263239	100.0
643692005	541278	100.0
649633006	45136	100.0
646564556	772536	100.0
646862332	851720	100.0
637000133	10958	99.8
641228480	714621	100.0
637000254	128632	100.0
637000127	166053	100.0
637000280	138219	100.0
643348533	531796	100.0
643692045	420249	100.0
637000061	392829	100.0
646862339	54921	99.9
649633085	830646	100.0
646311921	528985	100.0
641522619	262366	100.0
646564503	1649	98.8
644736328	398853	100.0
637000199	129230	100.0
651053047	436675	100.0
643348526	392829	100.0
646564530	804802	98.9
641228484	238162	100.0
641522639	259856	100.0
639633012	146724	100.0
638154519	46167	100.0
644736334	431766	100.0
641522629	281058	100.0
640753008	256383	100.0
646564580	629186	99.5
650716019	314128	99.8
640069324	92092	99.9
639633058	199770	100.0
650716096	105574	99.9
641522632	262343	100.0
649633037	830125	100.0
651053034	516346	99.7
644736405	576959	99.9
649633028	828554	100.0
643692031	48560	99.7
637000292	47803	100.0
637000164	156912	100.0
640069316	216044	100.0
649633096	816349	100.0
648028025	283723	100.0
637000302	108790	100.0
643348516	1044694	100.0
637000286	139845	100.0
642555156	333393	100.0
649633073	846983	100.0
642555149	344953	100.0
637000158	98965	100.0
651053064	52343	100.0
650716088	1105970	100.0
650716012	308102	100.0
637000151	108058	100.0
637000184	49947	100.0
646564589	524497	100.0
637000041	238438	100.0
649633065	58616	100.0
642555135	262735	100.0
651053075	188393	100.0
648028015	805097	100.0
646564531	9833	99.8
648028055	48329	99.9
638208606
646862316	129912	100.0
642555170	128667	100.0
643692026	519629	100.0
646862346	256528	98.0
643348571	303675	100.0
643348536	514785	100.0
643348545	547288	100.0
643692013	520224	100.0
648028039	756896	100.0
644736361	283722	100.0
646564569	747521	100.0
646564519	591954	99.7
650716066	6539	100.0
641522651	146505	100.0
650716049	662226	98.8
643348583	236635	99.9
637000299	129251	100.0
650377916	47707	99.9
642555137	266646	100.0
649633084	774619	100.0
637000298	47803	100.0
650716008	839620	100.0
649633014	843937	100.0
651053035	516346	99.8
648028031	516346	99.7
646564544	134510	100.0
637000173	177327	100.0
640753041	156664	99.9
637000194	139981	100.0
642555158	128481	100.0
637000140	144316	100.0
641228512	249864	100.0
641228491	240084	100.0
650716027	585749	99.6
650377990	785760	100.0
637000097	138661	100.0
646311944	142640	98.0
644736368	301134	100.0
639633038	152431	100.0
646311910	514325	100.0
650716009	225840	99.9
649633053	609	99.9
646311917	248718	97.6
646311928	531389	100.0
648028049	952675	99.7
650377988	784256	100.0
650377949	1074161	99.9
651053056	138127	99.7
649633015	811375	100.0
643348514	337018	100.0
650377959	831160	100.0
637000077	162237	100.0
650716050	109837	99.8
649633044	813253	100.0
637000287	128730	100.0
646311964	529034	100.0
640753056	249880	100.0
639633050	179751	100.0
637000332	264827	100.0
646311936	515713	100.0
649633101	583050	98.6
649633013	172821	99.8
649633031	142668	99.9
644736372	565824	100.0
638154506	285339	100.0
646862307	58367	100.0
641522657	174065	98.9
650716104	103088	99.2
649633045	817074	100.0
637000246	137152	100.0
637000026	149469	100.0
643692003	137271	99.9
641522650	138896	100.0
649633033	810868	100.0
643348511	471276	100.0
641522606	471399	100.0
642555111	243403	100.0
646311959	522485	100.0
646564572	518843	100.0
640427125	517559	99.8
637000113	137422	100.0
640069301	857034	100.0
637000234	173650	100.0
644736353	516164	100.0
651053013	1110673	100.0
648028007	726451	100.0
637000099	6024	99.9
649633061	692485	100.0
640753040	810208	99.1
642555125	16246	99.9
643692015	284236	100.0
637000325	142557	100.0
640753029	252944	100.0
650716075	1110782	100.0
646311904	521670	100.0
643348506	547264	99.9
640753047	240510	100.0
637000252	111631	100.0
637000318	471377	100.0
641228496	252544	100.0
637000225	129247	100.0
638154520	111673	100.0
637000181	98949	100.0
637000340	137344	100.0
639633019	233692	96.4
641228477	247358	100.0
643348527	529380	100.0
639633001	252888	100.0
640753010	241170	100.0
650377933	809063	100.0
644736365	317273	100.0
637000281	146882	100.0
637000125	133012	100.0
650716035	248685	99.1
637000027	108366	100.0
637000104	169665	100.0
650716033	13904	99.7
650716051	654136	100.0
637000218	236078	100.0
637000144	128817	100.0
646564590	270257	100.0
646862301	712153	100.0
644736384	529860	100.0
646564510	515921	100.0
646564575	370435	100.0
644736403	44963	99.7
640427146	736500	100.0
642555129	352664	100.0
646862336	270149	100.0
641228508	249621	100.0
644736413	441315	100.0
650377972	17230	99.9
650377906	698296	100.0
650716024	150000	100.0
637000204	152459	100.0
637000066	83486	100.0
643348580	367012	100.0
642555130	287966	100.0
646862315	129912	100.0
637000201	59386	100.0
649633055	341294	99.8
637000093	160227	99.9
646564513	350167	99.2
641522636	235559	99.8
646862341	519682	100.0
641228509	471514	100.0
646311969	128454	100.0
646311949	2636	99.8
644736386	387762	100.0
650377912	851597	100.0
649633008	258778	99.9
646564552	681765	100.0
637000349	214668	100.0
646564501	527781	100.0
637000276	138219	100.0
643348576	26707	100.0
650716001	568672	99.2
640427105	714621	100.0
638154517	130028	100.0
646564560	755424	100.0
650377965	216922	100.0
648028017	681726	100.0
637000015	541278	100.0
642555166	811084	100.0
646564559	2845	99.8
646862350	527349	100.0
643692038	323569	98.7
644736321	712153	100.0
649633001	817024	100.0
649633029	332989	99.7
639633053	174065	100.0
650377910	137511	99.9
637000048	128691	100.0
648028057	730986	100.0
641228494	245520	100.0
650716047	139748	99.9
637000155	128150	100.0
640753051	214804	100.0
643348531	368161	100.0
649633082	42382	99.7
650377925
637000030	137426	100.0
641522627	851904	100.0
651053037	146886	99.9
641522646	194334	100.0
646311919	235842	100.0
637000328	811084	100.0
641228489	245119	100.0
650377940
651053073	56634	100.0
644736400	253726	100.0
649633010	829567	100.0
649633087	832577	100.0
639633064	826	100.0
639633031	195819	100.0
649633078	212561	99.8
650716086	687600	100.0
643348519	309252	100.0
643692023	471339	100.0
643692040	616702	100.0
651053026	1105123	100.0
637000307	129035	100.0
640753058	471503	100.0
650716101	811084	99.8
644736363	317681	100.0
649633063	115032	100.0
650716063	531154	99.9
651053041	1005104	100.0
650377956	104565	100.0
650716094	739002	99.6
639279310	236079	100.0
642555142	301784	100.0
644736332	136366	100.0
637000079	52947	100.0
637000068	90574	100.0
649633098	13894	99.5
650716003	250409	99.9
648028027	152152	100.0
650377944	111231	100.0
638154513	174065	99.2
637000072	144442	100.0
651053042	522932	100.0
641522604	269864	100.0
646311912	525720	100.0
648231714	206850	100.0
637000189	132799	100.0
637000175	540483	100.0
643348585	349593	99.9
642555139	289365	100.0
651053006	469853	99.8
650377914	817028	100.0
643348518	311337	100.0
644736342	745239	100.0
646862348	811084	100.0
639633024	303616	100.0
643348508	360205	100.0
643348573	255491	100.0
637000264	144184	100.0
650377947	683919	100.0
646311930	88437	100.0
646564587	45072	99.9
639633036	130031	100.0
640753039	471210	100.0
646311962	531464	100.0
644736340	58621	98.7
643348561	522932	100.0
643348522	47707	100.0
650716061	524880	99.9
650716006	1111798	100.0
649633036	105497	99.9
644736401	307867	100.0
651053040	108679	100.0
640753045	44963	98.3
637000130	654464	98.3
643692037	471367	100.0
648028043	470693	100.0
644736349	532495	100.0
650377985	868041	100.0
637000321	149602	100.0
639633037	471448	100.0
641522655	259586	100.0
641522649	178174	99.9
650716015	136326	100.0
641522608	263782	100.0
641522645	269270	100.0
640753017	248264	100.0
646564509	236692	100.0
646564574	235138	99.7
640427112	226005	100.0
640753005	242695	100.0
637000123	143200	100.0
643692010	516411	100.0
641522660	214668	100.0
639279312	183860	100.0
648231715	108728	100.0
648028044	831159	99.9
643692052	526817	100.0
642555163	323569	100.0
650716010	159299	99.7
637000076	150000	100.0
637000145	159005	100.0
644736355	73843	99.1
650377924	829863	100.0
640427149	231101	100.0
640069323	3347	99.9
650377907	14731	100.0
646862333	540482	100.0
640753052	138516	100.0
642555101	346429	100.0
648028022	791041	100.0
646311926	9659	100.0
650377962	815939	100.0
637000085	137456	100.0
637000296	47803	100.0
646564506	111400	98.6
651053030	341294	99.5
640427138	222235	100.0
639633030	177030	100.0
646862302	58367	100.0
642555172	333765	100.0
643348587	549367	100.0
641522601	243946	100.0
646564525	521935	100.0
643692041	530214	100.0
637000139	161655	100.0
650716107	128454	99.0
648028029	1111470	99.1
637000054	829873	100.0
650716029	137456	96.6
637000095	144323	100.0
646862313	133184	100.0
646862322	338358	99.9
648028011	818085	100.0
637000306	129279	100.0
650377987	270257	100.0
643692030	552361	100.0
650716055	247173	96.1
646311906	71597	99.2
640753014	242632	100.0
641522638	264722	100.0
638154512	111898	100.0
643692054	526737	100.0
650716071	263114	99.7
648028005	527174	100.0
643348568	189750	100.0
639633034	193256	100.0
638154502	50705	100.0
646564516	310134	99.5
637000241	143145	100.0
651053011	136366	100.0
650716087	525122	100.0
651053059	532519	100.0
648231710	516346	99.9
637000248	160679	100.0
646311950	151355	100.0
646862344	243293	100.0
646311956	11293	99.3
640753028	729486	100.0
640427119	129168	99.8
640427151	225082	100.0
643348555	306075	100.0
650377932	836671	100.0
637000230	545449	100.0
637000190	179943	100.0
641228501	88136	98.8
646564515	771487	100.0
650377968
646564545	56011	100.0
642555118	345429	100.0
648028003	729240	100.0
646564561	108020	99.9
637000166	128429	100.0
651053070	804924	100.0
644736381	850004	100.0
646564588	2936	98.1
637000029	157716	100.0
650716084	348964	99.2
637000032	137497	100.0
639633060	198925	100.0
640069332	847146	94.1
637000170	108810	100.0
637000314	92417	100.0
643348529	219164	100.0
648028060	266941	100.0
646862327	623682	100.0
637000224	43042	99.9
650716060	171344	100.0
649633080	103622	99.6
641228476	821363	99.7
637000239	547170	100.0
637000251	236674	99.8
637000157	5851	100.0
637000195	155255	100.0
640427107	233692	100.0
640753035	255313	100.0
640427122	224219	100.0
640753030	235428	100.0
639633029	196186	100.0
644736324	518651	100.0
650377945	104951	100.0
646311941	523847	100.0
637000089	109890	100.0
637000019	111589	100.0
646311965	516122	100.0
641522620	471189	100.0
639633062	197883	100.0
650377934	836672	100.0
640427129	264116	99.3
637000315	137040	100.0
646564577	13691	99.7
640069334	210402	100.0
650716081	824609	97.5
637000008	137271	100.0
637000205	143787	100.0
650377954	181066	99.9
649633018	851597	100.0
640753034	247172	100.0
644736412	514441	100.0
650377930	851702	100.0
637000324	138950	100.0
646564557	685186	100.0
638154504	68649	100.0
650377927	605028	100.0
641522611	266718	100.0
640753059	246824	100.0
649633091	152065	100.0
650716076	269273	99.6
646564518	238162	99.4
650716026	115142	99.5
639633002	169811	100.0
643348578	851646	97.7
637000255	54921	100.0
644736323	109082	99.7
644736364	563144	100.0
641228492	130397	100.0
646564554	648249	100.0
648028058	766567	97.0
642555114	342865	100.0
646564566	851793	98.9
643692020	541586	100.0
643348582	1282	99.3
639633044	180246	100.0
646564584	517623	100.0
640427145	138212	100.0
642555131	516346	99.9
651053024	317681	100.0
651053053	1060528	100.0
643692017	518518	100.0
637000101	83107	100.0
637000177	21580	100.0
640069319	200741	100.0
646311957	525122	100.0
642555148	292896	100.0
646311948	2826	99.7
648231703	605028	100.0
641522626	267150	100.0
637000211	563954	100.0
648231717	804921	100.0
637000112	729486	100.0
639633055	587289	99.9
646311914	606927	99.7
643692001	153632	100.0
637000271	133194	100.0
649633106	835276	100.0
637000074	129305	100.0
639279303	471255	100.0
639633026	198205	100.0
650377953	515713	99.9
649633056	809336	100.0
651053069	138219	100.0
643692043	815726	100.0
640427140	219618	100.0
646564578	759979	100.0
650716045	146886	99.9
650377905	143042	99.9
643692016	265509	100.0
650716043	619397	99.7
637000040	714621	100.0
649633070	224219	100.0
649633089	819229	100.0
641522618	286198	100.0
646564591	624554	100.0
651053063	320266	100.0
648231712	717474	100.0
639633057	197263	100.0
637000240	145418	100.0
644736408	736500	100.0
637000336	146844	100.0
649633068	821101	100.0
646311932	13293	98.5
640753003	179879	100.0
640069309	138311	99.9
643692036	243293	100.0
641228474	253958	100.0
643348541	163263	100.0
651053060	218631	100.0
641228487	103828	100.0
648028041	227	100.0
637000353	260210	100.0
650377951	341294	99.8
651053018	610695	99.9
644736357	194959	100.0
642555161	819215	99.9
646862310	711040	100.0
637000058	136976	99.9
650716067	137504	97.4
651053079	1054475	100.0
650716057	1039308	100.0
637000121	108670	100.0
643692008	26352	99.7
650377939	270882	99.9
646311933	180118	98.1
637000103	146845	98.5
651053044	177327	100.0
643348544	245365	100.0
643692019	765830	99.7
640069321	156664	99.9
649633019	949057	100.0
646564547	773230	100.0
650377921	133184	100.0
643348563	527523	100.0
640427117	150522	99.7
651053031	516346	99.9
639633004	182691	100.0
640427110	129086	99.5
649633058	578132	99.9
643348584	114790	100.0
637000056	91372	100.0
643348530	355965	100.0
644736394	238397	99.7
642555169	133011	100.0
648028050	694018	100.0
646862319	90574	99.6
637000062	151827	100.0
637000001	157743	100.0
644736345	129195	100.0
644736331	12526	99.8
648028001	267904	99.9
637000192	156728	100.0
650716038	1106642	100.0
639633005	189230	100.0
646311954	146467	99.9
646564582	524145	100.0
640427135	174065	98.7
642555103	270316	100.0
648028020	145215	100.0
640753044	5950	99.9
639633015	647884	100.0
646311937	527920	100.0
646311908	20318	99.9
646311929	1106112	99.9
637000208	129807	100.0
643692012	714621	100.0
638154509	129054	100.0
643348548	369792	100.0
637000049	212194	100.0
639633032	174504	100.0
648028013	776622	100.0
641228503	44963	99.6
646564533	286186	100.0
646564586	136712	99.9
650716028	102316	100.0
637000341	93521	100.0
641522631	68649	100.0
649633023	812284	100.0
643348537	159705	100.0
640427147	46648	100.0
640069310	207676	100.0
641228490	257496	100.0
640753022	923560	100.0
650377960	824722	100.0
648028030	166753	99.9
650377991	817563	100.0
641522647	265325	100.0
643348503	851896	100.0
637000152	129205	100.0
640753019	236834	100.0
651053005	469853	99.9
646564536	652199	100.0
643348523	309674	100.0
637000222	269269	99.9
641522622	271091	100.0
650377917	47707	100.0
642555124	19936	99.6
637000046	161378	100.0
637000161	157002	100.0
642555146	132219	100.0
637000087	163626	100.0
637000268	159564	100.0
643692047	461777	100.0
649633032	147086	98.3
644736326	521976	100.0
642555108	279975	100.0
644736388	520724	100.0
650377943	757304	100.0
648028035	151069	99.9
649633093	610731	100.0
638269502
646564540	144316	100.0
637000261	144184	100.0
639279309	137287	100.0
649633026	155883	99.7
637000312	147533	100.0
643692021	523103	100.0
650716079	1107687	100.0
637000304	129184	100.0
646311901	13852	99.7
637000098	132290	100.0
637000212	250086	100.0
644736366	211297	99.7
637000355	128944	100.0
637000039	714621	100.0
637000186	355323	100.0
650716041	10994	99.1
651053055	826810	99.9
638154511	556285	82.4
637000024	137511	100.0
639633046	129374	100.0
637000285	59717	100.0
637000012	109232	100.0
646862324	283722	100.0
642555143	827231	100.0
649633048	88437	100.0
646564555	528147	100.0
643692027	562522	100.0
649633042	716560	100.0
644736383	592606	100.0
637000207	95127	100.0
642555154	782850	100.0
642555116	156688	100.0
637000172	177327	100.0
638154514	112417	100.0
646564563	728504	100.0
637000013	541278	100.0
637000119	142651	100.0
646564504	139853	100.0
643348557	471317	100.0
640753021	236046	100.0
648231701	838225	99.9
637000229	138377	100.0
640069327	526240	100.0
637000109	563141	100.0
637000168	137555	100.0
640069328	526240	100.0
648231706	810931	100.0
640427109	237873	100.0
649633049	850378	100.0
637000159	128706	100.0
640069313	215431	100.0
637000129	160956	100.0
648028037	813231	100.0
646311946	565606	100.0
649633071	810636	100.0
649633038	838465	100.0
637000183	108728	100.0
640427142	145026	100.0
637000142	180270	99.9
637000338	142004	100.0
637000344	133011	100.0
637000334	129274	100.0
646311924	283723	100.0
650377936	765906	100.0
640753054	138212	100.0
637000273	138212	100.0
637000226	157259	99.3
650716014	140518	99.9
640427104	231176	100.0
650716082	44963	99.5
650716102	4009	97.8
637000114	137422	100.0
649633104	839302	100.0
644736371	516777	100.0
641228483	812268	92.6
640069303	647884	100.0
651053067	687600	100.0
643348501	583008	100.0
637000257	137515	100.0
642555133	719587	99.1
649633051	830870	100.0
640069304	647884	100.0
637000042	136366	100.0
637000345	140986	100.0
649633094	829788	100.0
642555136	267757	100.0
643692055	518659	100.0
639633052	160539	100.0
641522633	659155	99.9
651053016	1110673	100.0
642555150	471460	100.0
637000150	108058	100.0
649633079	843048	100.0
648028014	805530	100.0
651053074	471092	100.0
650377913	307772	100.0
640427106	224792	100.0
641522628	265728	100.0
646862340	54921	100.0
648028052	560417	99.5
643692033	851689	99.9
643348515	773975	99.9
651053033	514176	99.8
644736406	747477	100.0
640069317	201456	100.0
650716083	163757	98.8
640427115	218279	100.0
643348535	35028	99.7
650377964
646564532	9834	99.7
637000107	128881	99.8
649633086	48560	99.7
646564505	835588	98.0
650716032	245119	99.9
646564511	607931	100.0
646564564	781707	100.0
640753007	240411	100.0
649633095	908285	100.0
639633059	182400	100.0
649633066	81855	99.9
643348525	367863	100.0
651053065	128871	100.0
640069331	213512	100.0
643348539	529122	100.0
642555155	328125	100.0
643692025	532210	100.0
637000174	15782	100.0
642555167	353885	100.0
650716011	514494	100.0
641228485	284236	100.0
639633065	191591	100.0
637000303	108790	100.0
646862317	129912	100.0
642555138	295454	100.0
649633039	839302	94.6
637000182	76821	100.0
648028047	388585	99.9
643692024	572428	100.0
648028048	736147	100.0
646564581	11985	100.0
646311961	523249	100.0
646311935	100561	99.8
650716064	1012011	100.0
639633051	194205	100.0
642555160	132364	100.0
643348528	187088	100.0
639633018	699249	89.3
644736362	9659	100.0
650716074	1111039	100.0
644736347	322702	100.0
650377915	47707	99.8
637000010	153907	100.0
640427141	218780	100.0
640753055	253411	100.0
651053003	1111057	100.0
643348558	341546	100.0
642555157	330637	100.0
643348546	836672	100.0
650716090	75302	99.7
648028038	128701	97.7
651053007	1044694	100.0
637000067	155301	100.0
637000311	144130	100.0
637000007	148510	100.0
649633083	586781	100.0
640753001	471380	100.0
642555141	308649	100.0
643348572	54921	99.9
650377946	129141	100.0
641228511	244114	100.0
646564521	520890	100.0
650716065	160608	100.0
637000047	165640	100.0
637000050	213142	100.0
646862347	531271	100.0
649633074	806366	100.0
637000263	84714	100.0
646311927	677921	99.7
651053048	856709	100.0
637000179	137891	100.0
643348586	281762	100.0
644736359	283722	100.0
637000073	137178	100.0
643348566	108810	100.0
640753060	57526	100.0
637000267	129026	100.0
637000288	370433	100.0
646311953	528078	100.0
644736329	471185	99.9
644736373	531181	100.0
637000117	608927	98.8
644736350	519284	100.0
649633102	268268	100.0
648231711	659154	100.0
648028040	554894	99.7
643348512	515935	100.0
637000209	129019	100.0
642555112	471397	100.0
637000057	138503	100.0
637000135	162510	100.0
640069302	269869	99.9
637000259	166712	100.0
637000235	138858	100.0
641228481	714621	100.0
650716105	851640	94.8
646311952	518404	100.0
644736352	384155	100.0
651053028	621670	99.9
637000243	44963	100.0
644736385	142640	99.3
641522642	269840	100.0
651053025	1111613	100.0
640069312	471352	100.0
650716004	169811	99.9
640753026	241364	100.0
639633048	192758	100.0
637000055	128634	100.0
644736370	455708	100.0
640753011	257762	100.0
650377976	654294	100.0
644736399	703237	100.0
637000009	156798	100.0
651053021	809062	100.0
637000045	148394	100.0
650716021	133184	99.9
641228499	238720	100.0
651053076	137040	100.0
641522623	563144	100.0
646862331	654464	100.0
646564502	526721	100.0
641522654	268561	100.0
648231705	810932	100.0
640753012	170358	100.0
642555106	303755	100.0
648028046	747938	100.0
637000163	150477	100.0
644736390	851894	99.6
639633006	133793	100.0
648028012	776352	100.0
637000214	92092	100.0
637000282	141202	100.0
646862304	58367	100.0
643692006	266908	100.0
637000126	128466	100.0
637000293	47803	99.9
650716099	23660	99.7
646862323	283722	100.0
641522643	145074	99.7
637000080	471262	100.0
637000060	140843	100.0
639633041	177827	100.0
649633034	139285	99.9
651053009	137496	100.0
640069315	195817	99.9
642555128	297354	100.0
637000034	137496	100.0
637000301	47803	100.0
642555123	347501	100.0
643692048	375302	100.0
640427148	231184	100.0
640427136	173855	100.0
648028021	821303	100.0
637000065	3022	100.0
637000277	248082	100.0
638154516	112119	100.0
650716052	18599	96.0
640427126	152369	100.0
649633025	814104	100.0
637000148	129129	100.0
637000339	108447	100.0
641522613	69323	100.0
637000191	153869	100.0
644736336	360884	100.0
650716002	217335	100.0
642555159	348964	100.0
637000005	172489	100.0
646862351	270257	100.0
649633004	839620	100.0
643348534	519567	100.0
650377903	853882	100.0
646862320	610695	100.0
642555152	559108	99.9
640753057	178124	100.0
639633063	138280	99.9
641228495	252321	100.0
640753031	243081	100.0
643692039	323569	98.9
648028016	16224	99.9
646862349	225082	100.0
643348562	541990	100.0
640427108	19936	99.7
650377973	28706	99.9
643692032	519498	100.0
646564523	186840	99.9
648028024	813357	100.0
651053072	525122	100.0
643348517	263647	100.0
637000308	129035	100.0
648028059	471364	100.0
648028054	332153	98.4
643692009	108295	100.0
640753009	246475	100.0
650716073	555099	100.0
637000071	90574	100.0
649633064	662226	100.0
644736376	78074	99.5
649633077	20463	99.9
650716054	614476	100.0
651053046	806366	100.0
637000136	128686	100.0
649633075	807390	100.0
646564527	43329	100.0
637000052	201088	100.0
650716092	56634	100.0
637000147	128701	100.0
650716048	609469	99.7
643348551	317681	100.0
641522603	266361	100.0
650716017	1108323	100.0
637000180	103527	100.0
651053023	470328	100.0
650716100	3889	99.2
639633045	187018	100.0
649633081	834709	100.0
649633097	752281	98.7
643692050	520599	100.0
651053001	258778	99.9
637000188	440936	100.0
639633025	852184	96.8
646311943	637050	100.0
643348540	237710	100.0
649633088	1102752	100.0
649633069	837175	100.0
650716089	851616	100.0
648231713	195817	99.9
639279306	129073	100.0
651053036	664346	99.9
637000122	110239	100.0
641228500	256420	100.0
649633090	516779	100.0
651053014	1110673	100.0
650377955	851742	99.7
644736335	821085	79.6
637000176	694975	100.0
637000270	146325	100.0
650716069	826810	99.9
644736341	138576	100.0
637000124	129218	100.0
648028026	537107	99.9
639633039	137555	100.0
640753050	246710	100.0
643348574	527694	100.0
650377966
643348507	471419	100.0
640069325	250086	99.5
650716095	13757	99.9
646564528	757743	100.0
641522625	9659	100.0
643692004	516254	100.0
643348505	523872	100.0
649633100	850381	100.0
651053050	878132	100.0
637000110	128433	100.0
637000221	140636	100.0
641522640	471225	100.0
644736348	35028	99.7
640427153	173489	100.0
644736354	66725	99.5
637000198	106345	100.0
637000217	140388	100.0
649633046	815561	100.0
637000069	146453	100.0
644736375	532443	100.0
640427143	254246	100.0
646311967	251617	99.3
649633016	805287	100.0
646311958	249700	99.7
650716046	146886	100.0
640753037	247746	100.0
651053019	605028	99.7
640427124	177327	100.0
642555126	170161	100.0
649633012	256830	99.3
646862306	58367	100.0
641522658	40947	100.0
648028008	777582	100.0
640753016	238039	100.0
641522659	137958	100.0
637000059	471188	100.0
646862308	773975	100.0
646862337	556495	100.0
638154507	64372	100.0
649633021	1011051	100.0
649633054	106870	99.6
637000289	129117	100.0
640753042	250956	100.0
641522605	222800	100.0
637000105	146635	100.0
641522652	266611	100.0
648231707	108300	100.0
646311960	144711	98.4
638154521	636541	100.0
637000197	141903	100.0
646564543	662226	98.8
642555102	857034	100.0
637000245	137270	100.0
640427131	223276	100.0
641228497	387762	100.0
646862329	516346	100.0
650377971	328125	100.0
637000265	168834	100.0
646564568	240758	98.1
649633062	819607	100.0
637000237	153177	100.0
643692014	519720	100.0
639633009	189350	100.0
646311905	528486	100.0
637000094	129152	100.0
643692046	375302	100.0
650716059	177327	100.0
640427113	218507	100.0
641228505	471487	100.0
646564546	102894	98.9
648028032	516346	99.8
650716023	1110673	100.0
637000327	143148	100.0
637000223	137381	100.0
637000317	145355	100.0
637000326	142326	100.0
637000036	307772	100.0
637000291	45642	100.0
646862330	514176	100.0
641228478	108366	99.1
640427134	229171	100.0
651053012	1110673	100.0
650716080	111537	99.4
650377978	235138	100.0
646564512	1044694	100.0
650377909	52092	100.0
646862325	524980	100.0
637000132	356670	99.9
646862314	133184	100.0
650716034	263695	100.0
639633008	185211	100.0
650716097	104997	99.8
637000253	86258	100.0
642555121	300256	100.0
650377980	816264	100.0
637000351	270257	100.0
637000165	156676	100.0
637000348	152244	100.0
650716036	851700	100.0
640427152	137037	99.9
646564571	104900	100.0
646311920	520563	100.0
637000290	146533	100.0
648028062	868041	98.6
649633027	838225	100.0
649633005	843926	100.0
646564576	53324	100.0
640753049	255230	100.0
640069306	215465	100.0
637000082	471199	100.0
637000275	138219	100.0
646862342	138212	100.0
637000017	332480	100.0
637000202	129014	100.0
638341152	168057	99.1
647000282	15913	93.8
648861005	606761	100.0
645951869	851783	100.0
648276629	673603	100.0
645951858	591146	100.0
648276759	772699	93.8
647533243	225358	99.9
647533236	3259	99.6
649989977	1277	100.0
641736200	281762	99.1
640963023	851710	100.0
649989989	851822	100.0
639857037	110414	98.5
642979357	142987	100.0
649989987	851961	100.0
642791621	469834	100.0
645951850	828640	100.0
647000214	256383	99.9
647533170	608944	100.0
642979370	368488	100.0
643886197	469778	100.0
638341053	838225	100.0
638341093	244379	99.2
647533126	3346	100.0
646206252	608944	100.0
643886082	469921	100.0
638341074	331493	94.7
641736108	40947	99.9
647533197	610233	100.0
649990026	851936	100.0
646206264	469729	100.0
640963037	1109354	93.1
648276619	698296	100.0
639857004	164411	100.0
651324027	516010	100.0
647533114	605525	100.0
645951860	92216	97.5
646206274	838217	99.9
648861001	606527	100.0
648276752	156956	99.1
643886118	348815	100.0
638341060	173203	100.0
647000292	851673	100.0
643886009	851897	100.0
645058708	168402	99.5
642979351	216354	98.4
641736178	307772	100.0
651324032	608944	99.9
648276627	829873	100.0
645951872	281762	100.0
645058819	133184	100.0
645951855	484439	100.0
651324010	1105984	100.0
642791618	347528	100.0
648276715	610159	100.0
647000287	49792	99.9
648276601	805615	96.6
649989913	838217	100.0
647533199	315587	100.0
640963002	238021	100.0
649989914	469846	100.0
646206257	470465	100.0
641736177	307772	100.0
651324011	1106281	100.0
645951873	281762	100.0
646206279	471177	100.0
647533168	608912	100.0
639857000	816349	99.9
638341020	2811	96.4
645951878	281762	100.0
646206262	470408	100.0
638341115	322414	97.5
647533198	610257	100.0
649989986	851648	100.0
648276706	649012	100.0
647000261	311137	99.2
651324019	1092921	100.0
642979316	25583	97.8
641736267	307772	100.0
651324012	208115	99.6
647533237	143121	100.0
648276714	580938	100.0
645951871	341353	100.0
647533112	850751	100.0
640963039	579615	96.4
638341055	851632	98.7
645058700	471139	100.0
641736265	307772	100.0
642979331	341294	99.7
645951866	828617	100.0
642791613	208515	99.6
642979334	555222	100.0
645058720	851899	100.0
647000215	469729	99.9
640612201	271092	99.5
643886142	851887	100.0
649989908	245824	100.0
649989920	851823	100.0
641380441	169582	99.9
642791628	350167	99.7
647533173	828727	100.0
649989954	64324	99.7
645951811	826828	100.0
645951876	281762	99.9
643886196	805753	91.1
649989985	851625	100.0
647533111	469729	100.0
641736181	260457	100.0
647533196	610207	100.0
647000294	851935	100.0
645058818	133184	100.0
642791624	350167	100.0
645058782	151231	100.0
641380439	251784	100.0
638341052	829873	99.9
647000213	568697	100.0
648861004	606708	100.0
649989988	851923	100.0
645058833	608944	100.0
642791626	307772	100.0
646206266	469686	100.0
638341044	110570	100.0
638341059	145286	100.0
647000236	270241	97.4
643886135	851799	100.0
640963040	308950	86.9
642979358	470761	100.0
651324026	114753	99.5
651324033	851727	98.7
641736256	1079641	99.0
647533171	471160	100.0
648276628	763899	100.0
646206254	470440	100.0
651324041	243688	98.7
642791611	307772	100.0
643886141	470494	100.0
643886213	828727	100.0
645951836	92496	99.4
647000233	88399	99.6
643886079	86285	99.4
641380434	247959	100.0
645951875	281762	100.0
640612204	215612	100.0
645951857	851852	100.0
645058820	129912	100.0
641736196	245615	98.9
649989955	64324	99.7
638341057	144805	90.1
638341218	184550	100.0
647533169	608927	100.0
647533121	623722	96.5
641736107	270907	100.0
647533113	214635	100.0
648861002	606642	100.0
641380447	568164	100.0
643886200	520072	99.8
643886113	428237	100.0
649989919	851632	100.0
641736179	734291	99.7
646206272	469677	100.0
646206263	469709	100.0
641736205	260579	100.0
643886111	646429	100.0
640612202	817444	100.0
648276716	851691	100.0
642979305	362663	100.0
638341214	152259	100.0
645951804	828617	100.0
649990023	539664	99.9
645951840	219911	99.4
638341165	156672	100.0
639857007	144130	98.1
648861000	469677	100.0
647533182	218733	100.0
645951874	281762	99.9
646206273	469692	100.0
643886218	470505	100.0
645951859	470451	100.0
647533184	284724	99.9
643886148	471139	100.0
647000223	838225	100.0
640963016	847209	100.0
645951825	470823	100.0
651324090	682196	100.0
647000212	591365	100.0
647000224	128634	99.8
651324089	717877	99.7
642979325	341294	100.0
638341051	829873	99.9
642979365	365945	100.0
642979319	363526	100.0
647000268	609533	100.0
640196209	180954	100.0
648861012	484401	99.4
648861008	607091	100.0
638341133	694975	100.0
640963032	237556	100.0
651324013	469686	99.5
642791625	307772	100.0
645058788	826895	100.0
651324083	1106254	100.0
639857006	28869	99.7
647000293	495403	100.0
651324022	1110673	100.0
642791634	242796	92.4
645951862	103279	99.1
642979332	516346	100.0
646206275	470453	100.0
645058724	133184	100.0
647533195	610111	100.0
641736195	153315	100.0
651324014	129213	99.7
648276636	270241	98.6
639857035	182534	100.0
640963030	253828	100.0
645058810	851656	100.0
648861003	606665	100.0
638341215	150910	100.0
648276713	842389	99.9
640963036	208050	98.6
649989975	128353	98.4
646206253	502833	100.0
645951877	341353	100.0
647533110	162602	100.0
649989912	839512	100.0
642791629	307772	100.0
641380449	469818	100.0
645058821	129912	100.0
651324087	764005	100.0
647000295	851917	100.0
641736268	524501	95.1
645951806	360907	99.4
638341049	128634	99.9
641736266	307772	100.0
641736176	260457	99.3
646206258	368488	100.0
638341097	137188	98.8
647000303	88399	99.6
642791627	307772	100.0
638341078	110992	97.0
645951848	671530	100.0
642791612	303807	100.0
645951879	281762	99.9
638341245	547552	90.6
642979330	516346	99.8
647000254	851727	100.0
638341213	231101	98.1
649989917	830129	100.0
646206255	470510	100.0
651324020	1106150	100.0
